0
4.51813
1.18218
4.02365
1.17671
3.48427
1.1379
3.02033
1.08694
2.62197
1.02827
2.27936
0.965133
1.98423
0.899982
1.72958
0.834647
1.50951
0.770466
1.31904
0.708397
1.15394
0.649094
1.01062
0.592982
0.88603
0.540307
0.777575
0.491182
0.683041
0.445619
0.600538
0.403555
0.528446
0.364877
0.46538
0.329435
0.410147
0.297055
0.361725
0.267549
0.319231
0.240725
0.281904
0.216388
0.249086
0.194348
0.220208
0.174419
0.194777
0.156426
0.172365
0.140201
0.152599
0.125587
0.135155
0.112438
0.119751
0.100618
0.10614
0.0900023
0.0941076
0.0804746
0.0834648
0.0719297
0.0740467
0.064271
0.0657087
0.0574105
