0.481872
3.81782
0.976353
3.82329
1.51573
3.8621
1.97967
3.91306
2.37803
3.97173
2.72064
4.03487
3.01577
4.10002
3.27042
4.16535
3.49049
4.22953
3.68096
4.2916
3.84606
4.35091
3.98938
4.40702
4.11397
4.45969
4.22243
4.50882
4.31696
4.55438
4.39946
4.59644
4.47155
4.63512
4.53462
4.67057
4.58985
4.70295
4.63827
4.73245
4.68077
4.75928
4.7181
4.78361
4.75091
4.80565
4.77979
4.82558
4.80522
4.84357
4.82764
4.8598
4.8474
4.87441
4.86485
4.88756
4.88025
4.89938
4.89386
4.91
4.90589
4.91953
4.91654
4.92807
4.92595
4.93573
4.93429
4.94259
4.94168
