0
3.08627
1.90133
2.76882
1.90833
2.3587
1.81373
2.04066
1.68675
1.78685
1.54845
1.57762
1.41007
1.40071
1.27752
1.2483
1.15364
1.11522
1.03959
0.997961
0.93554
0.893986
0.841157
0.801407
0.755862
0.718745
0.678961
0.644803
0.609735
0.578581
0.54748
0.519227
0.491531
0.466
0.441269
0.418253
0.396129
0.375412
0.355597
0.336966
0.319206
0.302463
0.286536
0.271495
0.257207
0.243699
0.230879
0.21875
0.207245
0.196355
0.186031
0.176254
0.166987
0.158211
0.149893
0.142015
0.134549
0.127476
0.120775
0.114427
0.108411
0.102713
4.09731
1.3722
3.29695
1.60583
2.68451
1.65343
2.24767
1.60821
1.92265
1.51623
1.67023
1.40357
1.46668
1.28481
1.29746
1.16789
1.15346
1.05688
1.02884
0.9537
0.919683
0.859005
0.823289
0.772788
0.737694
0.694684
0.661406
0.62416
0.593247
0.56061
0.532252
0.503423
0.477611
0.452006
0.428627
0.405804
0.384696
0.364303
0.345284
0.327033
0.309919
0.293569
0.278182
0.263525
0.249698
0.236552
0.224133
0.212339
0.201187
0.190604
0.18059
0.171093
0.162102
0.153579
0.145508
0.137857
0.130612
0.123745
0.117241
0.111078
0.105239
0.0997066
0.0944656
0.0894998
0.0847952
0.0803377
0.0761147
0.0721136
0.0683229
0.0647314
0.0613287
0.0581049
0.0550505
0.0521567
0.049415
0.0468174
0.0443564
0.0420248
0.0398157
0.0377227
0.0357398
0.0338611
0.0320811
0.0303947
0.028797
0.0272832
0.025849
0.0244903
0.0232029
0.0219832
0.0208276
0.0197328
0.0186955
